"Cobalt-oxide"

51 1
1 64.06
2 77.12
3 82.29
4 108.61
5 112.84
6 129.41
7 150.09
8 173.67
9 186.56
10 198.99
11 203.49
12 216.84
13 244.99
14 245.77
15 252.75
16 265.14
17 283.42
18 327.11
19 340.67
20 358.71
21 364.82
22 383.47
23 396.55
24 409.57
25 421.93
26 424.23
27 450.52
28 510.92
29 519.66
30 610.21
31 640.86
32 658.34
33 686.62
34 1638
35 1638.65
36 1650.25
37 1655.27
38 1659.46
39 1662.66
40 3757.02
41 3758.07
42 3761.32
43 3764.6
44 3770.21
45 3772.42
46 3845.69
47 3846.58
48 3847.68
49 3848.3
50 3852.36
51 3852.69
